
Log Entry : 
26/03/2019 13:53:18
 IP :  ::1 
Error in: http://localhost:61263/Budget/submitInvoice. Error Message:Maximum stored procedure, function, trigger, or view nesting level exceeded (limit 32).>> usp_updateBudgetActivityInvoice
__________________________

Log Entry : 
26/03/2019 14:59:46
 IP :  ::1 
Error in: http://localhost:61263/Budget/submitInvoice. Error Message:Maximum stored procedure, function, trigger, or view nesting level exceeded (limit 32).
0.00
539.25
1.00
439.25
2.00
389.25
3.00
269.25
0.00
539.25
1.00
439.25
2.00
389.25
3.00
269.25
0.00
539.25
1.00
439.25
2.00
389.25
3.00
269.25
0.00
539.25
1.00
439.25
2.00
389.25
3.00
269.25
0.00
539.25
1.00
439.25
2.00
389.25
3.00
269.25
0.00
539.25
1.00
439.25
2.00
389.25
3.00
269.25
0.00
539.25
1.00
439.25
2.00
389.25
3.00
269.25
0.00
539.25
1.00
439.25
2.00
389.25
3.00
269.25
0.00
539.25
1.00
439.25
2.00
389.25
3.00
269.25
0.00
539.25
1.00
439.25
2.00
389.25
3.00
269.25
0.00
539.25
1.00
439.25
2.00
389.25
3.00
269.25
0.00
539.25
1.00
439.25
2.00
389.25
3.00
269.25
0.00
539.25
1.00
439.25
2.00
389.25
3.00
269.25
0.00
539.25
1.00
439.25
2.00
389.25
3.00
269.25
0.00
539.25
1.00
439.25
2.00
389.25
3.00
269.25
0.00
539.25
1.00
439.25
2.00
389.25
3.00
269.25
0.00
539.25
1.00
439.25
2.00
389.25
3.00
269.25
0.00
539.25
1.00
439.25
2.00
389.25
3.00
269.25
0.00
539.25
1.00
439.25
2.00
389.25
3.00
269.25
0.00
539.25
1.00
439.25
2.00
389.25
3.00
269.25
0.00
539.25
1.00
439.25
2.00
389.25
3.00
269.25
0.00
539.25
1.00
439.25
2.00
389.25
3.00
269.25
0.00
539.25
1.00
439.25
2.00
389.25
3.00
269.25
0.00
539.25
1.00
439.25
2.00
389.25
3.00
269.25
0.00
539.25
1.00
439.25
2.00
389.25
3.00
269.25
0.00
539.25
1.00
439.25
2.00
389.25
3.00
269.25
0.00
539.25
1.00
439.25
2.00
389.25
3.00
269.25
0.00
539.25
1.00
439.25
2.00
389.25
3.00
269.25
0.00
539.25
1.00
439.25
2.00
389.25
3.00
269.25
0.00
539.25
1.00
439.25
2.00
389.25
3.00
269.25
0.00
539.25
1.00
439.25
2.00
389.25
3.00
269.25
0.00
539.25
1.00
439.25
2.00
389.25
3.00
269.25>> usp_updateBudgetActivityInvoice
__________________________

Log Entry : 
26/03/2019 15:02:01
 IP :  ::1 
Error in: http://localhost:61263/Budget/submitInvoice. Error Message:Maximum stored procedure, function, trigger, or view nesting level exceeded (limit 32).
0.00
539.25
1.00
339.25
2.00
289.25
3.00
169.25
0.00
539.25
1.00
439.25
2.00
389.25
3.00
269.25
0.00
539.25
1.00
439.25
2.00
389.25
3.00
269.25
0.00
539.25
1.00
439.25
2.00
389.25
3.00
269.25
0.00
539.25
1.00
439.25
2.00
389.25
3.00
269.25
0.00
539.25
1.00
439.25
2.00
389.25
3.00
269.25
0.00
539.25
1.00
439.25
2.00
389.25
3.00
269.25
0.00
539.25
1.00
439.25
2.00
389.25
3.00
269.25
0.00
539.25
1.00
439.25
2.00
389.25
3.00
269.25
0.00
539.25
1.00
439.25
2.00
389.25
3.00
269.25
0.00
539.25
1.00
439.25
2.00
389.25
3.00
269.25
0.00
539.25
1.00
439.25
2.00
389.25
3.00
269.25
0.00
539.25
1.00
439.25
2.00
389.25
3.00
269.25
0.00
539.25
1.00
439.25
2.00
389.25
3.00
269.25
0.00
539.25
1.00
439.25
2.00
389.25
3.00
269.25
0.00
539.25
1.00
439.25
2.00
389.25
3.00
269.25
0.00
539.25
1.00
439.25
2.00
389.25
3.00
269.25
0.00
539.25
1.00
439.25
2.00
389.25
3.00
269.25
0.00
539.25
1.00
439.25
2.00
389.25
3.00
269.25
0.00
539.25
1.00
439.25
2.00
389.25
3.00
269.25
0.00
539.25
1.00
439.25
2.00
389.25
3.00
269.25
0.00
539.25
1.00
439.25
2.00
389.25
3.00
269.25
0.00
539.25
1.00
439.25
2.00
389.25
3.00
269.25
0.00
539.25
1.00
439.25
2.00
389.25
3.00
269.25
0.00
539.25
1.00
439.25
2.00
389.25
3.00
269.25
0.00
539.25
1.00
439.25
2.00
389.25
3.00
269.25
0.00
539.25
1.00
439.25
2.00
389.25
3.00
269.25
0.00
539.25
1.00
439.25
2.00
389.25
3.00
269.25
0.00
539.25
1.00
439.25
2.00
389.25
3.00
269.25
0.00
539.25
1.00
439.25
2.00
389.25
3.00
269.25
0.00
539.25
1.00
439.25
2.00
389.25
3.00
269.25
0.00
539.25
1.00
439.25
2.00
389.25
3.00
269.25>> usp_updateBudgetActivityInvoice
__________________________

Log Entry : 
26/03/2019 15:02:16
 IP :  ::1 
Error in: http://localhost:61263/Budget/submitInvoice. Error Message:Maximum stored procedure, function, trigger, or view nesting level exceeded (limit 32).
0.00
539.25
1.00
339.25
2.00
289.25
3.00
169.25
0.00
539.25
1.00
439.25
2.00
389.25
3.00
269.25
0.00
539.25
1.00
439.25
2.00
389.25
3.00
269.25
0.00
539.25
1.00
439.25
2.00
389.25
3.00
269.25
0.00
539.25
1.00
439.25
2.00
389.25
3.00
269.25
0.00
539.25
1.00
439.25
2.00
389.25
3.00
269.25
0.00
539.25
1.00
439.25
2.00
389.25
3.00
269.25
0.00
539.25
1.00
439.25
2.00
389.25
3.00
269.25
0.00
539.25
1.00
439.25
2.00
389.25
3.00
269.25
0.00
539.25
1.00
439.25
2.00
389.25
3.00
269.25
0.00
539.25
1.00
439.25
2.00
389.25
3.00
269.25
0.00
539.25
1.00
439.25
2.00
389.25
3.00
269.25
0.00
539.25
1.00
439.25
2.00
389.25
3.00
269.25
0.00
539.25
1.00
439.25
2.00
389.25
3.00
269.25
0.00
539.25
1.00
439.25
2.00
389.25
3.00
269.25
0.00
539.25
1.00
439.25
2.00
389.25
3.00
269.25
0.00
539.25
1.00
439.25
2.00
389.25
3.00
269.25
0.00
539.25
1.00
439.25
2.00
389.25
3.00
269.25
0.00
539.25
1.00
439.25
2.00
389.25
3.00
269.25
0.00
539.25
1.00
439.25
2.00
389.25
3.00
269.25
0.00
539.25
1.00
439.25
2.00
389.25
3.00
269.25
0.00
539.25
1.00
439.25
2.00
389.25
3.00
269.25
0.00
539.25
1.00
439.25
2.00
389.25
3.00
269.25
0.00
539.25
1.00
439.25
2.00
389.25
3.00
269.25
0.00
539.25
1.00
439.25
2.00
389.25
3.00
269.25
0.00
539.25
1.00
439.25
2.00
389.25
3.00
269.25
0.00
539.25
1.00
439.25
2.00
389.25
3.00
269.25
0.00
539.25
1.00
439.25
2.00
389.25
3.00
269.25
0.00
539.25
1.00
439.25
2.00
389.25
3.00
269.25
0.00
539.25
1.00
439.25
2.00
389.25
3.00
269.25
0.00
539.25
1.00
439.25
2.00
389.25
3.00
269.25
0.00
539.25
1.00
439.25
2.00
389.25
3.00
269.25>> usp_updateBudgetActivityInvoice
__________________________

Log Entry : 
26/03/2019 15:10:11
 IP :  ::1 
Error in: http://localhost:61263/Budget/submitInvoice. Error Message:Maximum stored procedure, function, trigger, or view nesting level exceeded (limit 32).
0.00
539.25
1.00
339.25
2.00
289.25
3.00
169.25
0.00
539.25
1.00
439.25
2.00
389.25
3.00
269.25
0.00
539.25
1.00
439.25
2.00
389.25
3.00
269.25
0.00
539.25
1.00
439.25
2.00
389.25
3.00
269.25
0.00
539.25
1.00
439.25
2.00
389.25
3.00
269.25
0.00
539.25
1.00
439.25
2.00
389.25
3.00
269.25
0.00
539.25
1.00
439.25
2.00
389.25
3.00
269.25
0.00
539.25
1.00
439.25
2.00
389.25
3.00
269.25
0.00
539.25
1.00
439.25
2.00
389.25
3.00
269.25
0.00
539.25
1.00
439.25
2.00
389.25
3.00
269.25
0.00
539.25
1.00
439.25
2.00
389.25
3.00
269.25
0.00
539.25
1.00
439.25
2.00
389.25
3.00
269.25
0.00
539.25
1.00
439.25
2.00
389.25
3.00
269.25
0.00
539.25
1.00
439.25
2.00
389.25
3.00
269.25
0.00
539.25
1.00
439.25
2.00
389.25
3.00
269.25
0.00
539.25
1.00
439.25
2.00
389.25
3.00
269.25
0.00
539.25
1.00
439.25
2.00
389.25
3.00
269.25
0.00
539.25
1.00
439.25
2.00
389.25
3.00
269.25
0.00
539.25
1.00
439.25
2.00
389.25
3.00
269.25
0.00
539.25
1.00
439.25
2.00
389.25
3.00
269.25
0.00
539.25
1.00
439.25
2.00
389.25
3.00
269.25
0.00
539.25
1.00
439.25
2.00
389.25
3.00
269.25
0.00
539.25
1.00
439.25
2.00
389.25
3.00
269.25
0.00
539.25
1.00
439.25
2.00
389.25
3.00
269.25
0.00
539.25
1.00
439.25
2.00
389.25
3.00
269.25
0.00
539.25
1.00
439.25
2.00
389.25
3.00
269.25
0.00
539.25
1.00
439.25
2.00
389.25
3.00
269.25
0.00
539.25
1.00
439.25
2.00
389.25
3.00
269.25
0.00
539.25
1.00
439.25
2.00
389.25
3.00
269.25
0.00
539.25
1.00
439.25
2.00
389.25
3.00
269.25
0.00
539.25
1.00
439.25
2.00
389.25
3.00
269.25
0.00
539.25
1.00
439.25
2.00
389.25
3.00
269.25>> usp_updateBudgetActivityInvoice
__________________________
